132253444
100250898
100257835
100244819
100253950
100258384
100257455
100242762
100248314
100266440
104881642
100251557
100245981
100267778
100262089
100854939
109122511
100244205
100263866
100264091
100249833
100257048
100258404
104881356
100257639
100250522
104881904
100247147
100266320
100852808
100254715
100252996
100266358
104879120
100261804
100252968
100252390
100852442
100256965
100263074
100259622
100248222
104881631
100243401
100260535
100268079
100249969
100249124
100854121
100257887
100261291
100855041
100264528
100264639
132253941
100249532
109123803
100264154
100251218
100258789
100252474
100247256
100241764
100853747
100852483
100252039
100260900
100246659
100267227
100256872
100247838
100252911
100255733
100267994
100243342
100266430
100257393
100262883
100253862
100259746
100257512
100245075
100249588
100267134
100260515
100261478
100257375
100245583
100242907
100250670
100250842
100251100
100266711
100854808
100264678
104881917
100250052
100244743
100254701
100253287
100246692
100255311
132252525
100254862
100248517
100855108
100262534
100248046
100266547
100243267
100244720
100259712
100244793
104882364
100259255
100250928
100264207
100255572
100256139
104879610
100260599
104881088
100244803
100267280
100240946
100251508
100265562
100263873
100253567
100854914
100249480
132254435
132254634
100251688
100267372
100243104
100248232
100261157
100252316
100255377
100260121
100854283
100262186
100263642
100254292
100244123
100242036
100255488
100254909
100259386
100267311
100259438
100243913
100256428
104880486
100254635
100244921
100257370
100854073
100249553
100241760
100256170
100250549
100253572
100255605
100262471
100262894
100254676
100264056
100262664
100265381
100247245
100247650
100258710
100245794
100260064
100261806
100260356
100267103
100852665
100242747
100245142
104878802
100852815
100250298
100260546
100260985
100251934
100258993
100247105
100254895
100263102
100242952
100263449
100249225
100253964
100243201
100854442
100242691
100244589
100254087
100246224
104881649
100262032
100254094
100247367
100244878
100853126
132253939
100260565
100258495
100852734
100243916
100241282
100265579
100258677
100248568
104882115
100241700
100254532
100245971
100853182
109122934
100255592
100257669
100266837
100247913
100241273
100245839
100261490
100264638
100242971
100245502
100252383
100253148
100265702
100267913
100249229
132252519
100242632
100242776
100258425
104877917
100261920
104882454
100246236
100242239
100253536
100250427
100243843
109122695
100259874
100267897
100250645
100252893
104877276
100248013
100266686
100266309
100267774
100261110
100241183
100260224
100854649
100256259
100243743
100267196
100244731
100853016
100244570
100264733
100254942
100255046
100852743
100233025
100261964
100265969
100257991
100260478
100258125
104879450
100262358
100243109
100257868
100264793
100259205
100259213
100246655
100260840
100263174
100268043
100257658
100242892
100247919
100854667
100251865
100243309
100241301
100264525
100251452
100264211
100263238
100249030
100259497
100243744
100266560
100264520
100242830
100266166
100252950
100246579
100245445
100250971
100251592
100260011
100267207
100245278
100257329
100241217
100244931
100246211
100240798
100243627
100254926
100260869
100252607
109123846
100255039
100248500
104880257
100249220
100252570
100260743
100246496
100262841
100248650
100245029
100242559
100267188
100254266
100268013
100255429
104881250
100254915
100253666
100241353
132254072
100259104
100250033
100258967
100250386
100241911
100243415
100240813
100259005
100259265
100265521
100852675
100260988
100267823
100266128
100256361
100267151
100247257
104880797
104878696
100253230
100262323
100268091
100245950
100232847
100853348
100253409
100245043
100262584
100256209
100262870
104879459
100247787
100260424
100259256
104879128
100266313
100260596
100264063
100255862
100253044
104881448
100254310
100246088
100241896
100246616
100250285
100257807
100254086
100267550
100242575
100266079
100248007
100248779
100253635
132255032
100267759
100255624
100241576
100259102
100245692
100251733
100259396
132252669
100245911
100246223
100250049
100247886
100249371
100247658
100258316
100854468
100265518
100246680
100261750
100267436
100249054
104879734
100255858
132252538
100852930
100242149
100253994
100268139
132252502
100247829
100248376
100247567
100251683
100241687
100267666
100266483
100257922
100258862
100250235
100262616
100251086
100265598
100254346
100254844
100264315
100266895
100255917
100258138
100248617
