100268054
100251533
100266412
100256549
100263169
100255092
100262557
100245864
100242603
100263112
109122428
100264549
100242618
100255527
100242997
100268080
100250722
100259464
104880384
104879703
100232844
100251984
104881686
100266147
100254333
100266224
100265715
100260297
100232871
100247488
100255836
100250869
100251128
100257104
100264253
100252448
109123939
100244762
100253658
100264828
100248427
100248541
100257784
100263949
100261601
100257837
100267613
100252322
100262539
100262450
104878982
100265497
100246237
132253938
100267936
100246652
100253138
132252619
100251141
100262891
104882493
100248988
100262917
100247399
100247651
100265051
100251742
104880213
100266501
100246992
100250432
100246778
100248942
100266611
100266048
100852659
104877401
100257152
100259856
100233037
100266040
100244898
100257242
100245654
132252682
100241009
100252003
100251099
100852579
100256326
100257144
100243946
100251719
100854699
100242137
100854061
100255710
104879055
100265188
100254860
100266530
100260912
100262615
100259901
100258448
100855232
104877966
100267033
100262547
100241240
100251862
100249226
100244303
100253407
100261443
100255849
100252700
100251939
100249972
100245309
104880050
100245030
100249622
100246545
100261772
100260920
100250305
132254905
100254297
100261250
100245919
100258753
100252443
100264994
100242903
100249668
100244160
100246709
100267997
100257467
100251949
132252506
100243499
100258264
104880100
100263781
100255569
100251929
100266336
109124331
100249280
100251643
100245961
100254302
100264144
100246695
100260340
100249018
100267027
109121511
100245122
100251000
100246301
100244761
100264164
100261242
109123055
100252816
100262112
100255089
100267694
104877849
100854974
132254185
100267656
100251837
100246366
100243308
100240831
104882119
100259215
100256240
100853036
100245713
100252216
100854026
100243904
100254353
100261408
100265712
100260963
100260280
132254037
100266219
100263842
104878445
100853763
100261190
100260685
100256768
104879213
100267614
100262985
104882563
100249186
100259038
100246869
100266800
100249330
109124293
100253890
100257296
100250741
100251605
100245779
100241971
100268016
100262025
104880676
100246608
100253154
100243178
100852822
100252944
100255520
100241921
100249745
109121545
100263000
100260903
104879731
100253381
100267763
100253954
100241815
100258453
100266380
100243778
100264434
100248434
100253520
100245077
100240918
100855392
100251082
100265063
100262247
100265670
100854842
104882578
100255963
100246781
100261410
104881677
100853130
100255049
100250770
100256255
100260414
100264922
100249526
100243645
100266592
100254306
100265852
100255197
100251901
100242017
109121404
100248802
100256093
100262641
100247953
100243573
100267150
100252695
100854288
100266556
100267691
100263455
100245995
132254322
100265658
100249959
100265905
100242451
100248914
100242247
100245299
100262296
109121570
109121593
100254233
100243642
100254982
104878487
104880329
100243833
100246868
100246057
100242625
100247283
100243654
132252562
100243391
100251514
100264738
100249048
100240765
100243964
100245391
100254299
104882774
100244137
100260276
100243366
100249746
100263918
100249059
100255940
100252475
100245777
100260420
100241104
100268131
100265688
100245931
100254517
104879584
100262241
100262567
100255814
100263446
100266761
100250287
132254504
100247734
100257690
100246818
100243339
100243822
100252495
100241834
100241227
104880167
100264971
100254432
104881136
109121676
100268056
109124121
100255379
100255226
104882358
100246016
100247348
100253858
100854364
100244792
100266096
100242426
100251223
132253855
100854413
100248644
100253256
100252740
100250317
100854643
100264923
100264137
100241957
100241527
100251734
100266813
100853445
104878423
100246896
100244406
100253811
100247990
100258259
100243730
100251744
100253152
100257576
100261320
100254166
100258567
100257664
100250641
100246035
100249254
100258038
100255818
100256646
100256069
100244707
100254170
100253776
100251908
100249487
100249459
100268165
100254084
100266732
100257810
100262500
100262756
100258980
100247855
100258170
109121843
100242134
100268161
100266656
100267678
100245494
100243454
100248167
104882479
100252174
104877306
100257884
100259754
100250704
100261405
104882253
100266614
100241372
100267169
100248978
100853626
100263950
100252698
100255251
100246843
100241653
100266914
104878345
100257411
100242170
100262679
100248240
100247390
100246877
100255506
100262628
104878193
